"model" "logLik" "n_par" "AIC" "relModLik" "fixed_shift" "w1" "theta2" "m" "w" "id" "seq" "acc.stat" "acc.p.value"
"bayes" -440.422577109386 0 880.845154218771 1.34329998669527e-70 NA NA NA NA 9.82022497866647e-71 "1_01" 1 10.4181431608788 0.99937608352983
"sub1" -278.536749862985 1 559.073499725969 1 -5.34942442079943e-09 NA NA NA 0.731052265013847 "1_01" 1 10.4181431608788 0.99937608352983
"sub2" -278.536749463412 2 561.073498926824 0.367879588166047 NA 1.33942594731787 0 NA 0.26893920618115 "1_01" 1 10.4181431608788 0.99937608352983
"metanoise" -289.895540838882 1 581.791081677763 1.16664777760672e-05 NA NA NA 10 8.52880500292762e-06 "1_01" 1 10.4181431608788 0.99937608352983
"bayes" -248.280515529809 0 496.561031059617 4.42339901708086e-18 NA NA NA NA 2.80355446230668e-18 "1_02" 2 1.45074713477441 0.114204053126458
"sub1" -207.320892264859 1 416.641784529719 1 -0.230207531787073 NA NA NA 0.633800941647094 "1_02" 2 1.45074713477441 0.114204053126458
"sub2" -207.320892264859 2 418.641784529719 0.367879441171442 NA 0 -0.23020754398804 NA 0.233162336227067 "1_02" 2 1.45074713477441 0.114204053126458
"metanoise" -208.882002001511 1 419.764004003022 0.209903004845825 NA NA NA 6.69561085404247 0.133036722125839 "1_02" 2 1.45074713477441 0.114204053126458
"bayes" -280.030048830484 0 560.060097660968 5.45694866313451e-26 NA NA NA NA 3.8854897301535e-26 "1_03" 3 1.47735542435667 0.112094374758478
"sub1" -220.859726193273 1 443.719452386546 1 -0.262631155477252 NA NA NA 0.712026073545953 "1_03" 3 1.47735542435667 0.112094374758478
"sub2" -220.859726193273 2 445.719452386546 0.367879441171432 NA 0 -0.262631159647726 NA 0.261939754035574 "1_03" 3 1.47735542435667 0.112094374758478
"metanoise" -224.168430725322 1 450.336861450644 0.0365635099411743 NA NA NA 7.86733748901033 0.0260341724184727 "1_03" 3 1.47735542435667 0.112094374758478
"bayes" -241.380583039664 0 482.761166079329 9.52305146424468e-09 NA NA NA NA 5.27427140869194e-09 "10_02" 2 12.1668326670369 0.000243234216500207
"sub1" -222.735688091125 1 447.47137618225 0.438385964560977 -0.442649320075459 NA NA NA 0.242796814396843 "10_02" 2 12.1668326670369 0.000243234216500207
"sub2" -220.91103253212 2 445.822065064241 1 NA 0.459503651094873 -0.63903963471325 NA 0.553842581707634 "10_02" 2 12.1668326670369 0.000243234216500207
"metanoise" -222.912932278858 1 447.825864557716 0.36718122682846 NA NA NA 2.42037201434237 0.203360598621251 "10_02" 2 12.1668326670369 0.000243234216500207
"bayes" -212.722620953315 0 425.44524190663 2.36252832924896e-12 NA NA NA NA 1.28087088098728e-12 "10_03" 3 19.5723874115834 4.84295084423471e-06
"sub1" -187.311985544729 1 376.623971089458 0.0943585552302659 -0.296978247284178 NA NA NA 0.0511575350315054 "10_03" 3 19.5723874115834 4.84295084423471e-06
"sub2" -184.238865267041 2 372.477730534081 0.750111769073558 NA 0.931089465459263 -0.658218337307134 NA 0.406681397466082 "10_03" 3 19.5723874115834 4.84295084423471e-06
"metanoise" -184.951332208917 1 371.902664417834 1 NA NA NA 3.52537474243112 0.542161067501131 "10_03" 3 19.5723874115834 4.84295084423471e-06
"bayes" -204.357811231387 0 408.715622462774 2.21220685915457e-12 NA NA NA NA 1.09181473773948e-12 "2_01" 1 18.9681243573459 6.64602915369875e-06
"sub1" -176.520780711543 1 355.041561423085 1 -0.307104237171299 NA NA NA 0.493540978422214 "2_01" 1 18.9681243573459 6.64602915369875e-06
"sub2" -176.44234523661 2 356.88469047322 0.397896035535961 NA 0.283255210507829 -0.374336821470516 NA 0.196377998688738 "2_01" 1 18.9681243573459 6.64602915369875e-06
"metanoise" -176.985552975801 1 355.971105951603 0.628278170293466 NA NA NA 4.25516752552526 0.310081022887956 "2_01" 1 18.9681243573459 6.64602915369875e-06
"bayes" -94.9798549084275 0 189.959709816855 1 NA NA NA NA 0.477880416039886 "2_02" 2 24.3979762447614 3.91754788023302e-07
"sub1" -97.1101987267338 1 196.220397453468 0.0437027688574073 -1.03715519343512 NA NA NA 0.0208846973636728 "2_02" 2 24.3979762447614 3.91754788023302e-07
"sub2" -95.8778058185745 2 195.755611637149 0.0551360831721422 NA 0.218942668114966 -1.22054979532943 NA 0.0263484543651131 "2_02" 2 24.3979762447614 3.91754788023302e-07
"metanoise" -93.9861397485622 1 189.972279497124 0.993734868163528 NA NA NA 0.819281587436891 0.474886432231328 "2_02" 2 24.3979762447614 3.91754788023302e-07
"bayes" -133.661085688136 0 267.322171376273 1 NA NA NA NA 0.434850486032463 "2_03" 3 14.9449100668613 5.53481426797581e-05
"sub1" -133.487036015046 1 268.974072030091 0.437818723785971 -0.826084148683138 NA NA NA 0.190385684832442 "2_03" 3 14.9449100668613 5.53481426797581e-05
"sub2" -132.503677788634 2 269.007355577268 0.430592935442412 NA 0.276528102227427 -1.04209166181411 NA 0.187243547259278 "2_03" 3 14.9449100668613 5.53481426797581e-05
"metanoise" -133.502200940308 1 269.004401880616 0.431229325708555 NA NA NA 1.09440332694264 0.187520281875817 "2_03" 3 14.9449100668613 5.53481426797581e-05
"bayes" -282.616842142411 0 565.233684284822 1.13843750080826e-23 NA NA NA NA 5.06429051668988e-24 "4_01" 1 0.0456083007107293 0.584555292395698
"sub1" -228.878784875247 1 459.757569750495 0.912339442192791 -0.23766077759609 NA NA NA 0.405850297606919 "4_01" 1 0.0456083007107293 0.584555292395698
"sub2" -228.878784875247 2 461.757569750495 0.335630924152549 NA 0 -0.237660779911953 NA 0.149303980682897 "4_01" 1 0.0456083007107293 0.584555292395698
"metanoise" -228.787041712479 1 459.574083424958 1 NA NA NA 5.3489638876928 0.444845721710184 "4_01" 1 0.0456083007107293 0.584555292395698
"bayes" -149.103563614094 0 298.207127228187 5.50557672746301e-06 NA NA NA NA 4.62865347518822e-06 "4_02" 2 4.33316752335157 0.0186883144179492
"sub1" -137.679366817668 1 277.358733635336 0.18534205177531 -1.2348384406392 NA NA NA 0.155820938389432 "4_02" 2 4.33316752335157 0.0186883144179492
"sub2" -134.993814585115 2 273.98762917023 1 NA 0.226217584573231 -1.57105402642065 NA 0.840720909782166 "4_02" 2 4.33316752335157 0.0186883144179492
"metanoise" -141.488679414732 1 284.977358829463 0.0041078116825022 NA NA NA 0.561019193257547 0.00345352317492706 "4_02" 2 4.33316752335157 0.0186883144179492
"bayes" -150.202106931776 0 300.404213863552 1.87851125314933e-23 NA NA NA NA 1.1488481272183e-23 "4_03" 3 4.3915883111863 0.0180583261521315
"sub1" -103.786680936098 1 209.573361872197 0.000994220478374053 -1.82166661549276 NA NA NA 0.000608039122846452 "4_03" 3 4.3915883111863 0.0180583261521315
"sub2" -95.8731293694242 2 195.746258738848 1 NA 0.246279588291936 -2.86779956429701 NA 0.611573726424182 "4_03" 3 4.3915883111863 0.0180583261521315
"metanoise" -97.3286281218461 1 196.657256243692 0.634131614385253 NA NA NA 0.246468713270415 0.387818234452972 "4_03" 3 4.3915883111863 0.0180583261521315
"bayes" -104.259899798546 0 208.519799597092 2.21437924104174e-11 NA NA NA NA 2.04874895128843e-11 "6_01" 1 20.302865880728 3.30507498168465e-06
"sub1" -82.3612090771748 1 166.72241815435 0.0263899192142929 -1.74994186541486 NA NA NA 0.0244160161515214 "6_01" 1 20.302865880728 3.30507498168465e-06
"sub2" -80.6368223537771 2 165.273644707554 0.0544546809031514 NA 0.159254964914181 -2.01930317600889 NA 0.0503816005521226 "6_01" 1 20.302865880728 3.30507498168465e-06
"metanoise" -78.726435887479 1 159.452871774958 1 NA NA NA 0.416880155813092 0.925202383275868 "6_01" 1 20.302865880728 3.30507498168465e-06
"bayes" -147.808053043308 0 295.616106086615 4.85073230329643e-52 NA NA NA NA 3.51897550209921e-52 "6_02" 2 0.426136363636364 0.256945445628857
"sub1" -28.6527578915392 1 59.3055157830783 1 -2.86600920732423 NA NA NA 0.725452422865679 "6_02" 2 0.426136363636364 0.256945445628857
"sub2" -28.6527578915391 2 61.3055157830783 0.367879441171444 NA 0 -2.86600920974616 NA 0.266879031920296 "6_02" 2 0.426136363636364 0.256945445628857
"metanoise" -33.202426458143 1 68.404852916286 0.0105707072887471 NA NA NA 0.1 0.00766854521402548 "6_02" 2 0.426136363636364 0.256945445628857
"bayes" -267.234040514359 0 534.468081028717 2.61690273245152e-13 NA NA NA NA 1.39012278569042e-13 "6_03" 3 18.5197887372248 8.40746930925399e-06
"sub1" -238.749436605142 1 479.498873210284 0.226047337331196 -0.42808925480306 NA NA NA 0.120078423386554 "6_03" 3 18.5197887372248 8.40746930925399e-06
"sub2" -236.683334192718 2 477.366668385435 0.656450208489147 NA 0.574145057385714 -0.620848683303172 NA 0.348712384750011 "6_03" 3 18.5197887372248 8.40746930925399e-06
"metanoise" -237.262425760717 1 476.524851521433 1 NA NA NA 2.63210937436025 0.531209191863295 "6_03" 3 18.5197887372248 8.40746930925399e-06
"bayes" -126.467860593628 0 252.935721187257 0.235408461902478 NA NA NA NA 0.12584503372331 "7_02" 2 19.2683177474052 5.67877170799226e-06
"sub1" -126.578254780968 1 255.156509561936 0.0775503927240564 -0.66871133563407 NA NA NA 0.0414570135191561 "7_02" 2 19.2683177474052 5.67877170799226e-06
"sub2" -123.021427455736 2 250.042854911472 1 NA 0.914459743838741 -1.84964816555016 NA 0.534581606397152 "7_02" 2 19.2683177474052 5.67877170799226e-06
"metanoise" -124.60542801822 1 251.210856036441 0.557662932642889 NA NA NA 1.45399807744793 0.298116346360382 "7_02" 2 19.2683177474052 5.67877170799226e-06
"bayes" -180.54911215747 0 361.098224314939 5.24994271091773e-05 NA NA NA NA 4.00137996530716e-05 "7_03" 3 6.9920764531543 0.00409356601203164
"sub1" -170.958983661278 1 343.917967322557 0.282357916759476 -1.14977982612383 NA NA NA 0.215206407646634 "7_03" 3 6.9920764531543 0.00409356601203164
"sub2" -168.694403856837 2 341.388807713675 1 NA 0.409395018282158 -1.90391014774499 NA 0.762175929460322 "7_03" 3 6.9920764531543 0.00409356601203164
"metanoise" -173.213620825684 1 348.427241651369 0.0296226215243741 NA NA NA 0.595456091198135 0.0225776490933912 "7_03" 3 6.9920764531543 0.00409356601203164
"bayes" -107.433890789473 0 214.867781578945 0.000138742048767426 NA NA NA NA 9.30060945240795e-05 "8_01" 1 27.8857369766461 6.43474759858965e-08
"sub1" -102.219924992073 1 206.439849984146 0.00938231902452356 -0.486932772600733 NA NA NA 0.00628946204702996 "8_01" 1 27.8857369766461 6.43474759858965e-08
"sub2" -97.2803283558106 2 198.560656711621 0.48223116739498 NA 0.804237873195132 -0.905159629441693 NA 0.32326492174249 "8_01" 1 27.8857369766461 6.43474759858965e-08
"metanoise" -97.5509966763121 1 197.101993352624 1 NA NA NA 2.21397464432989 0.670352610115956 "8_01" 1 27.8857369766461 6.43474759858965e-08
"bayes" -122.837533252973 0 245.675066505945 1 NA NA NA NA 0.644149577275183 "8_02" 2 20.6019047619048 2.82699162908275e-06
"sub1" -130.246255049199 1 262.492510098399 0.00022291460518641 -0.842455299239295 NA NA NA 0.00014359034869929 "8_02" 2 20.6019047619048 2.82699162908275e-06
"sub2" -122.684603636162 2 249.369207272324 0.157698486374888 NA 0.67795006323298 -1.88989856119163 NA 0.10158141333532 "8_02" 2 20.6019047619048 2.82699162908275e-06
"metanoise" -122.767636294055 1 247.53527258811 0.394513057224648 NA NA NA 0.944162550050616 0.254125419040797 "8_02" 2 20.6019047619048 2.82699162908275e-06
"bayes" -171.136968145077 0 342.273936290153 6.60456734322419e-07 NA NA NA NA 2.91880113765692e-07 "8_03" 3 8.75926906779661 0.00154016238553299
"sub1" -155.906633925515 1 313.81326785103 1 -1.16387615043474 NA NA NA 0.441936766781764 "8_03" 3 8.75926906779661 0.00154016238553299
"sub2" -155.033268172622 2 314.066536345245 0.881055862402701 NA 0.165250395703524 -1.42199324612148 NA 0.389370979184368 "8_03" 3 8.75926906779661 0.00154016238553299
"metanoise" -156.86972639316 1 315.739452786321 0.381710631098177 NA NA NA 0.48361504755045 0.168691962153755 "8_03" 3 8.75926906779661 0.00154016238553299
"bayes" -145.821764902003 0 291.643529804007 0.162147794920708 NA NA NA NA 0.096254487050377 "9_01" 1 42.8956148589398 2.88699696052768e-11
"sub1" -160.308666883576 1 322.617333767152 3.04814045271347e-08 -0.727227653060436 NA NA NA 1.80944302003561e-08 "9_01" 1 42.8956148589398 2.88699696052768e-11
"sub2" -142.651789680098 2 289.303579360197 0.522426056705262 NA 1.0575708938995 -1.8168010900702 NA 0.310123564335282 "9_01" 1 42.8956148589398 2.88699696052768e-11
"metanoise" -143.002517856673 1 288.005035713346 1 NA NA NA 1.34489498607788 0.593621930519911 "9_01" 1 42.8956148589398 2.88699696052768e-11
"bayes" -217.874686885722 0 435.749373771444 0.00664175766767158 NA NA NA NA 0.00625434820937393 "9_02" 2 21.7028003613369 1.5916312584229e-06
"sub1" -224.851990928732 1 451.703981857463 2.27920767913201e-06 -0.659895458661754 NA NA NA 2.14626295930005e-06 "9_02" 2 21.7028003613369 1.5916312584229e-06
"sub2" -210.860308244186 2 425.720616488371 1 NA 0.975939440168309 -2.04776183386434 NA 0.94167064236876 "9_02" 2 21.7028003613369 1.5916312584229e-06
"metanoise" -214.755319868683 1 431.510639737366 0.0552983822750581 NA NA NA 1.36497722874248 0.0520728631589072 "9_02" 2 21.7028003613369 1.5916312584229e-06
"bayes" -161.282707002121 0 322.565414004243 0.0211298785556354 NA NA NA NA 0.0147430434669871 "9_03" 3 13.3462282398452 0.000129471452923629
"sub1" -167.667364572996 1 337.334729145992 1.31153826870483e-05 -1.11008828190937 NA NA NA 9.1510538753075e-06 "9_03" 3 13.3462282398452 0.000129471452923629
"sub2" -155.425639807265 2 314.851279614531 1 NA 0.532779578126908 -1.97506175735976 NA 0.697734415660194 "9_03" 3 13.3462282398452 0.000129471452923629
"metanoise" -157.312208911862 1 316.624417823724 0.412067089376549 NA NA NA 0.710870096531173 0.287513389818944 "9_03" 3 13.3462282398452 0.000129471452923629
